Query 0:
Nearest neighbor: lion
distanceLSH: 0.000000
distanceTrue: 0.000000
tLSH: 3.396810 seconds
tTrue: 37.459709 seconds
Query 0:
Nearest neighbor: liqt
distanceLSH: 0.000000
distanceTrue: 0.000000
tLSH: 10.814350 seconds
tTrue: 36.123398 seconds
Query 0:
Nearest neighbor: litb
distanceLSH: 0.000000
distanceTrue: 0.000000
tLSH: 23.480780 seconds
tTrue: 36.207438 seconds
